Test 1 (100)

Precision: 0.5512995896032832
Recall: 0.41804979253112035
F-Measure: 0.4755162241887906

Test 2 (200)

Precision: 0.6354029062087186
Recall: 0.49896265560165975
F-Measure: 0.5589773387565369

Test 3 (300)

Precision: 0.6507747318235996
Recall: 0.5663900414937759
F-Measure: 0.6056572379367721

Test 4 (400)

Precision: 0.689156626506024
Recall: 0.5933609958506224
F-Measure: 0.6376811594202898