############ Evaluation for 100 reviews #############

Precision: 0.7098813460416261
Recall: 0.34522064040107836
F-Measure: 0.4645346062052506

